-3.841817855834960938e+00
-3.827689170837402344e+00
-3.813562631607055664e+00
-3.799457311630249023e+00
-3.785351991653442383e+00
-3.771246194839477539e+00
-3.757121562957763672e+00
-3.742972373962402344e+00
-3.728823184967041016e+00
-3.714673519134521484e+00
-3.700553178787231445e+00
-3.686445474624633789e+00
-3.672335863113403320e+00
-3.658227920532226562e+00
-3.644128561019897461e+00
-3.630029201507568359e+00
-3.615929603576660156e+00
-3.601813793182373047e+00
-3.587657690048217773e+00
-3.573499917984008789e+00
-3.559343338012695312e+00
-3.545252561569213867e+00
-3.531208753585815430e+00
-3.517164945602416992e+00
-3.503120660781860352e+00
-3.488936901092529297e+00
-3.474735260009765625e+00
-3.460533618927001953e+00
-3.446350812911987305e+00
-3.432256937026977539e+00
-3.418163061141967773e+00
-3.404068946838378906e+00
-3.389941453933715820e+00
-3.375779867172241211e+00
-3.361618041992187500e+00
-3.347456216812133789e+00
-3.333355903625488281e+00
-3.319274425506591797e+00
-3.305191278457641602e+00
-3.291109323501586914e+00
-3.277026176452636719e+00
-3.262942790985107422e+00
-3.248859167098999023e+00
-3.234739542007446289e+00
-3.220555305480957031e+00
-3.206369400024414062e+00
-3.192184925079345703e+00
-3.178028583526611328e+00
-3.163886785507202148e+00
-3.149744987487792969e+00
-3.135602951049804688e+00
-3.121507406234741211e+00
-3.107415676116943359e+00
-3.093323945999145508e+00
-3.079225301742553711e+00
-3.065105676651000977e+00
-3.050986051559448242e+00
-3.036866188049316406e+00
-3.022754430770874023e+00
-3.008651971817016602e+00
-2.994549512863159180e+00
-2.980446815490722656e+00
-2.966293334960937500e+00
-2.952129840850830078e+00
-2.937966346740722656e+00
-2.923807382583618164e+00
-2.909691095352172852e+00
-2.895574569702148438e+00
-2.881457805633544922e+00
-2.867346048355102539e+00
-2.853240251541137695e+00
-2.839132785797119141e+00
-2.825026512145996094e+00
-2.810898303985595703e+00
-2.796761512756347656e+00
-2.782624721527099609e+00
-2.768488407135009766e+00
-2.754380702972412109e+00
-2.740271091461181641e+00
-2.726163148880004883e+00
-2.712049484252929688e+00
-2.697924375534057617e+00
-2.683799028396606445e+00
-2.669673442840576172e+00
-2.655538558959960938e+00
-2.641400814056396484e+00
-2.627262830734252930e+00
-2.613124608993530273e+00
-2.599032163619995117e+00
-2.584944009780883789e+00
-2.570855617523193359e+00
-2.556751966476440430e+00
-2.542599439620971680e+00
-2.528446674346923828e+00
-2.514293909072875977e+00
-2.500157117843627930e+00
-2.486036539077758789e+00
-2.471914052963256836e+00
-2.457792997360229492e+00
-2.443693876266479492e+00
-2.429600238800048828e+00
-2.415506362915039062e+00
-2.401403665542602539e+00
-2.387219905853271484e+00
-2.373034238815307617e+00
-2.358850240707397461e+00
-2.344689607620239258e+00
-2.330565690994262695e+00
-2.316441297531127930e+00
-2.302316665649414062e+00
-2.288228988647460938e+00
-2.274159669876098633e+00
-2.260090351104736328e+00
-2.246020793914794922e+00
-2.231916189193725586e+00
-2.217811107635498047e+00
-2.203705549240112305e+00
-2.189574241638183594e+00
-2.175382614135742188e+00
-2.161190986633300781e+00
-2.146999120712280273e+00
-2.132856607437133789e+00
-2.118749618530273438e+00
-2.104642629623413086e+00
-2.090533733367919922e+00
-2.076394557952880859e+00
-2.062250614166259766e+00
-2.048106670379638672e+00
-2.033971548080444336e+00
-2.019880533218383789e+00
-2.005787372589111328e+00
-1.991696000099182129e+00
-1.977582693099975586e+00
-1.963444709777832031e+00
-1.949306488037109375e+00
-1.935168147087097168e+00
-1.921069145202636719e+00
-1.906980514526367188e+00
-1.892893314361572266e+00
-1.878800868988037109e+00
-1.864629149436950684e+00
-1.850457191467285156e+00
-1.836284995079040527e+00
-1.822128653526306152e+00
-1.808005332946777344e+00
-1.793881893157958984e+00
-1.779758334159851074e+00
-1.765643835067749023e+00
-1.751534223556518555e+00
-1.737424492835998535e+00
-1.723312973976135254e+00
-1.709167718887329102e+00
-1.695020437240600586e+00
-1.680873036384582520e+00
-1.666739821434020996e+00
-1.652650237083435059e+00
-1.638558983802795410e+00
-1.624469161033630371e+00
-1.610378146171569824e+00
-1.596286177635192871e+00
-1.582194089889526367e+00
-1.568101882934570312e+00
-1.553945302963256836e+00
-1.539774656295776367e+00
-1.525605440139770508e+00
-1.511444091796875000e+00
-1.497334718704223633e+00
-1.483225226402282715e+00
-1.469115495681762695e+00
-1.455013632774353027e+00
-1.440925836563110352e+00
-1.426837921142578125e+00
-1.412749767303466797e+00
-1.398614406585693359e+00
-1.384461283683776855e+00
-1.370307922363281250e+00
-1.356153130531311035e+00
-1.342010974884033203e+00
-1.327868819236755371e+00
-1.313726305961608887e+00
-1.299582958221435547e+00
-1.285437464714050293e+00
-1.271291732788085938e+00
-1.257144331932067871e+00
-1.243034720420837402e+00
-1.228947520256042480e+00
-1.214860200881958008e+00
-1.200772643089294434e+00
-1.186636090278625488e+00
-1.172492861747741699e+00
-1.158351182937622070e+00
-1.144212007522583008e+00
-1.130082845687866211e+00
-1.115953445434570312e+00
-1.101824045181274414e+00
-1.087703466415405273e+00
-1.073590278625488281e+00
-1.059478402137756348e+00
-1.045366525650024414e+00
-1.031251430511474609e+00
-1.017135500907897949e+00
-1.003019332885742188e+00
-9.889028072357177734e-01
-9.748001694679260254e-01
-9.606973528861999512e-01
-9.465944170951843262e-01
-9.324618577957153320e-01
-9.182837009429931641e-01
-9.041054248809814453e-01
-8.899253606796264648e-01
-8.757956624031066895e-01
-8.616878986358642578e-01
-8.475799560546875000e-01
-8.334719538688659668e-01
-8.193554878234863281e-01
-8.052371740341186523e-01
-7.911202907562255859e-01
-7.770072221755981445e-01
-7.629041671752929688e-01
-7.488009333610534668e-01
-7.346975803375244141e-01
-7.205640673637390137e-01
-7.064067721366882324e-01
-6.922509670257568359e-01
-6.780949831008911133e-01
-6.639783978462219238e-01
-6.498674154281616211e-01
-6.357562541961669922e-01
-6.216382980346679688e-01
-6.074970960617065430e-01
-5.933557748794555664e-01
-5.792142748832702637e-01
-5.650899410247802734e-01
-5.509851574897766113e-01
-5.368802547454833984e-01
-5.227736234664916992e-01
-5.086568593978881836e-01
-4.945363700389862061e-01
-4.804157316684722900e-01
-4.662950038909912109e-01
-4.521754384040832520e-01
-4.380557537078857422e-01
-4.239343404769897461e-01
-4.098124206066131592e-01
-3.956868350505828857e-01
-3.815611004829406738e-01
-3.674352169036865234e-01
-3.532871305942535400e-01
-3.391254246234893799e-01
-3.249651789665222168e-01
-3.108048141002655029e-01
-2.967519760131835938e-01
-2.827050089836120605e-01
-2.686579227447509766e-01
-2.545737922191619873e-01
-2.403730303049087524e-01
-2.261737436056137085e-01
-2.119743227958679199e-01
-1.978440582752227783e-01
-1.837728321552276611e-01
-1.697014421224594116e-01
-1.556283235549926758e-01
-1.415000408887863159e-01
-1.273604780435562134e-01
-1.132207885384559631e-01
-9.908913075923919678e-02
-8.501112461090087891e-02
-7.093296945095062256e-02
-5.685308575630187988e-02
-4.272640869021415710e-02
-2.853514626622200012e-02
-1.434374786913394928e-02
-1.522120874142274261e-04
1.396166160702705383e-02
2.804763801395893097e-02
4.213215038180351257e-02
5.621774494647979736e-02
7.034875452518463135e-02
8.447990566492080688e-02
9.861119091510772705e-02
1.127433627843856812e-01
1.268788874149322510e-01
1.410129517316818237e-01
1.551471352577209473e-01
1.692630797624588013e-01
1.833675652742385864e-01
1.974721699953079224e-01
2.115769237279891968e-01
2.257290184497833252e-01
2.398842126131057739e-01
2.540395557880401611e-01
2.681839466094970703e-01
2.822857797145843506e-01
2.963877320289611816e-01
3.104914128780364990e-01
3.246091306209564209e-01
3.387423455715179443e-01
3.528757095336914062e-01
3.670092225074768066e-01
3.811373710632324219e-01
3.952642679214477539e-01
4.093928635120391846e-01
4.235167503356933594e-01
4.376091659069061279e-01
4.517016708850860596e-01
4.657943248748779297e-01
4.799044132232666016e-01
4.940433502197265625e-01
5.081807971000671387e-01
5.223183631896972656e-01
5.364102125167846680e-01
5.504812598228454590e-01
5.645524263381958008e-01
5.786237120628356934e-01
5.928152203559875488e-01
6.070073843002319336e-01
6.211996674537658691e-01
6.353673934936523438e-01
6.494714021682739258e-01
6.635755896568298340e-01
6.776814460754394531e-01
6.917879581451416016e-01
7.058960795402526855e-01
7.200043201446533203e-01
7.341127395629882812e-01
7.482450008392333984e-01
7.623809576034545898e-01
7.765185832977294922e-01
7.906492948532104492e-01
8.047531247138977051e-01
8.188570737838745117e-01
8.329612016677856445e-01
8.470659255981445312e-01
8.611730337142944336e-01
8.752787113189697266e-01
8.893844485282897949e-01
9.035241007804870605e-01
9.176744818687438965e-01
9.318250417709350586e-01
9.459756612777709961e-01
9.601272344589233398e-01
9.742772579193115234e-01
9.884274601936340332e-01
1.002550840377807617e+00
1.016624808311462402e+00
1.030699014663696289e+00
1.044774770736694336e+00
1.058873295783996582e+00
1.072984933853149414e+00
1.087096691131591797e+00
1.101208567619323730e+00
1.115348935127258301e+00
1.129490971565246582e+00
1.143634796142578125e+00
1.157770395278930664e+00
1.171885013580322266e+00
1.185999751091003418e+00
1.200114607810974121e+00
1.214232563972473145e+00
1.228353261947631836e+00
1.242475628852844238e+00
1.256596565246582031e+00
1.270710825920104980e+00
1.284823775291442871e+00
1.298936963081359863e+00
1.313055634498596191e+00
1.327212333679199219e+00
1.341367721557617188e+00
1.355523109436035156e+00
1.369652271270751953e+00
1.383745908737182617e+00
1.397839665412902832e+00
1.411933541297912598e+00
1.426042318344116211e+00
1.440154671669006348e+00
1.454267144203186035e+00
1.468379378318786621e+00
1.482475042343139648e+00
1.496570706367492676e+00
1.510668158531188965e+00
1.524777889251708984e+00
1.538917422294616699e+00
1.553057074546813965e+00
1.567196965217590332e+00
1.581320881843566895e+00
1.595434784889221191e+00
1.609550476074218750e+00
1.623664617538452148e+00
1.637784361839294434e+00
1.651904821395874023e+00
1.666025400161743164e+00
1.680159091949462891e+00
1.694345712661743164e+00
1.708530902862548828e+00
1.722716093063354492e+00
1.736817479133605957e+00
1.750834584236145020e+00
1.764851927757263184e+00
1.778869271278381348e+00
1.793039679527282715e+00
1.807247519493103027e+00
1.821455478668212891e+00
1.835650801658630371e+00
1.849719405174255371e+00
1.863788008689880371e+00
1.877858281135559082e+00
1.891933560371398926e+00
1.906018853187561035e+00
1.920104265213012695e+00
1.934189796447753906e+00
1.948288321495056152e+00
1.962393045425415039e+00
1.976499438285827637e+00
1.990604281425476074e+00
2.004779100418090820e+00
2.018955230712890625e+00
2.033131599426269531e+00
2.047290325164794922e+00
2.061402797698974609e+00
2.075516700744628906e+00
2.089629173278808594e+00
2.103749752044677734e+00
2.117876052856445312e+00
2.132002592086791992e+00
2.146129131317138672e+00
2.160202741622924805e+00
2.174266576766967773e+00
2.188330650329589844e+00
2.202414274215698242e+00
2.216597557067871094e+00
2.230781078338623047e+00
2.244964361190795898e+00
2.259110212326049805e+00
2.273208379745483398e+00
2.287306785583496094e+00
2.301405191421508789e+00
2.315475940704345703e+00
2.329538106918334961e+00
2.343601942062377930e+00
2.357670307159423828e+00
2.371845245361328125e+00
2.386020421981811523e+00
2.400195837020874023e+00
2.414340734481811523e+00
2.428428888320922852e+00
2.442518711090087891e+00
2.456606864929199219e+00
2.470688819885253906e+00
2.484767436981201172e+00
2.498846054077148438e+00
2.512924671173095703e+00
2.527074813842773438e+00
2.541227579116821289e+00
2.555380344390869141e+00
2.569528579711914062e+00
2.583661079406738281e+00
2.597793817520141602e+00
2.611926555633544922e+00
2.626050233840942383e+00
2.640163183212280273e+00
2.654276132583618164e+00
2.668389081954956055e+00
2.682505607604980469e+00
2.696622610092163086e+00
2.710741281509399414e+00
2.724854469299316406e+00
2.738940715789794922e+00
2.753027200698852539e+00
2.767113685607910156e+00
2.781201839447021484e+00
2.795292854309082031e+00
2.809385299682617188e+00
2.823476314544677734e+00
2.837579011917114258e+00
2.851686477661132812e+00
2.865793943405151367e+00
2.879902601242065430e+00
2.894082784652709961e+00
2.908264875411987305e+00
2.922445535659790039e+00
2.936594247817993164e+00
2.950672864913940430e+00
2.964751720428466797e+00
2.978830575942993164e+00
2.992932319641113281e+00
3.007046222686767578e+00
3.021160364151000977e+00
3.035274505615234375e+00
3.049401283264160156e+00
3.063529491424560547e+00
3.077657699584960938e+00
3.091782093048095703e+00
3.105883121490478516e+00
3.119984149932861328e+00
3.134085178375244141e+00
3.148188829421997070e+00
3.162295103073120117e+00
3.176403045654296875e+00
3.190509319305419922e+00
3.204586267471313477e+00
3.218655586242675781e+00
3.232725143432617188e+00
3.246799707412719727e+00
3.260923385620117188e+00
3.275048732757568359e+00
3.289172649383544922e+00
3.303313732147216797e+00
3.317482233047485352e+00
3.331650972366333008e+00
3.345819711685180664e+00
3.359936475753784180e+00
3.374026536941528320e+00
3.388116836547851562e+00
3.402207136154174805e+00
3.416334629058837891e+00
3.430463075637817383e+00
3.444591522216796875e+00
3.458703517913818359e+00
3.472765922546386719e+00
3.486828088760375977e+00
3.500890493392944336e+00
3.515012025833129883e+00
3.529177665710449219e+00
3.543345212936401367e+00
3.557511091232299805e+00
3.571561813354492188e+00
3.585595130920410156e+00
3.599628448486328125e+00
3.613687753677368164e+00
3.627880334854125977e+00
3.642074823379516602e+00
3.656267642974853516e+00
3.670398235321044922e+00
3.684455156326293945e+00
3.698512315750122070e+00
3.712569475173950195e+00
3.726649999618530273e+00
3.740736007690429688e+00
3.754822254180908203e+00
3.768910169601440430e+00
3.783031225204467773e+00
3.797152280807495117e+00
3.811273574829101562e+00
3.825402736663818359e+00
3.839542627334594727e+00
3.853682279586791992e+00
3.867822170257568359e+00
3.881923198699951172e+00
3.896002292633056641e+00
3.910081624984741211e+00
3.924162626266479492e+00
3.938284873962402344e+00
3.952409744262695312e+00
3.966534614562988281e+00
3.980656623840332031e+00
3.994768857955932617e+00
4.008882999420166016e+00
4.022995471954345703e+00
4.037067890167236328e+00
4.051104545593261719e+00
4.065141201019287109e+00
4.079178333282470703e+00
4.093300342559814453e+00
4.107441425323486328e+00
4.121580600738525391e+00
4.135729312896728516e+00
4.149939060211181641e+00
4.164149284362792969e+00
4.178359508514404297e+00
4.192478656768798828e+00
4.206469535827636719e+00
4.220460414886474609e+00
4.234451293945312500e+00
4.248563766479492188e+00
4.262723922729492188e+00
4.276884078979492188e+00
4.291045665740966797e+00
4.305159568786621094e+00
4.319273948669433594e+00
4.333388805389404297e+00
4.347486972808837891e+00
4.361550331115722656e+00
4.375615119934082031e+00
4.389678478240966797e+00
4.403752803802490234e+00
4.417835235595703125e+00
4.431917190551757812e+00
4.445999622344970703e+00
4.460165023803710938e+00
4.474341392517089844e+00
4.488515853881835938e+00
4.502664566040039062e+00
4.516706943511962891e+00
4.530749320983886719e+00
4.544791698455810547e+00
4.558873653411865234e+00
4.572992801666259766e+00
4.587111949920654297e+00
4.601231098175048828e+00
4.615344047546386719e+00
4.629455089569091797e+00
4.643566608428955078e+00
4.657683849334716797e+00
4.671845436096191406e+00
4.686007499694824219e+00
4.700169086456298828e+00
4.714276790618896484e+00
4.728297233581542969e+00
4.742319583892822266e+00
4.756340503692626953e+00
4.770431041717529297e+00
4.784554481506347656e+00
4.798677921295166016e+00
4.812801837921142578e+00
4.826887607574462891e+00
4.840974330902099609e+00
4.855059146881103516e+00
4.869151115417480469e+00
4.883261680603027344e+00
4.897372245788574219e+00
4.911482810974121094e+00
4.925590991973876953e+00
4.939699172973632812e+00
4.953805923461914062e+00
4.967912673950195312e+00
4.982020378112792969e+00
4.996128082275390625e+00
5.010236263275146484e+00
5.024343967437744141e+00
5.038440704345703125e+00
5.052537441253662109e+00
5.066634654998779297e+00
5.080742359161376953e+00
5.094862937927246094e+00
5.108983516693115234e+00
5.123106002807617188e+00
5.137174129486083984e+00
5.151224613189697266e+00
5.165275573730468750e+00
5.179329395294189453e+00
5.193439960479736328e+00
5.207551956176757812e+00
5.221662998199462891e+00
5.235788345336914062e+00
5.249941349029541016e+00
5.264094352722167969e+00
5.278247356414794922e+00
5.292338371276855469e+00
5.306396007537841797e+00
5.320452213287353516e+00
5.334508419036865234e+00
5.348619461059570312e+00
5.362733840942382812e+00
5.376848697662353516e+00
5.390955924987792969e+00
5.405032157897949219e+00
5.419108390808105469e+00
5.433184623718261719e+00
5.447280406951904297e+00
5.461393833160400391e+00
5.475506782531738281e+00
5.489621639251708984e+00
5.503720283508300781e+00
5.517815589904785156e+00
5.531911373138427734e+00
5.545697689056396484e+00
5.557267665863037109e+00
5.568839073181152344e+00
5.580409526824951172e+00
5.589612007141113281e+00
5.595527648925781250e+00
5.601443767547607422e+00
5.607359409332275391e+00
5.609074115753173828e+00
5.609113693237304688e+00
5.609153270721435547e+00
5.609126567840576172e+00
5.603229522705078125e+00
5.597332477569580078e+00
5.591435432434082031e+00
5.583811283111572266e+00
5.572298526763916016e+00
5.560785770416259766e+00
5.549272537231445312e+00
5.534235000610351562e+00
5.516881942749023438e+00
5.499528408050537109e+00
5.482172489166259766e+00
5.459560871124267578e+00
5.436363220214843750e+00
5.413164615631103516e+00
5.388843536376953125e+00
5.359914302825927734e+00
5.330984115600585938e+00
5.302050113677978516e+00
5.270238876342773438e+00
5.235455513000488281e+00
5.200671195983886719e+00
5.165885925292968750e+00
5.126555442810058594e+00
5.085999011993408203e+00
5.045445919036865234e+00
5.004403591156005859e+00
4.958075523376464844e+00
4.911746501922607422e+00
4.865415573120117188e+00
4.816867828369140625e+00
4.764708995819091797e+00
4.712554454803466797e+00
4.660398006439208984e+00
4.604347705841064453e+00
4.546438217163085938e+00
4.488527297973632812e+00
4.430607318878173828e+00
4.369897365570068359e+00
4.309108257293701172e+00
4.248317241668701172e+00
4.187518119812011719e+00
4.126701831817626953e+00
4.065883636474609375e+00
4.005056381225585938e+00
3.944259405136108398e+00
3.883479595184326172e+00
3.822697639465332031e+00
3.761914014816284180e+00
3.701140880584716797e+00
3.640360832214355469e+00
3.579586029052734375e+00
3.518802165985107422e+00
3.457976818084716797e+00
3.397149801254272461e+00
3.336320877075195312e+00
3.275510311126708984e+00
3.214715242385864258e+00
3.153925180435180664e+00
3.093133449554443359e+00
3.032313823699951172e+00
2.971483707427978516e+00
2.910651922225952148e+00
2.849814891815185547e+00
2.789049863815307617e+00
2.728283166885375977e+00
2.667514801025390625e+00
2.606722593307495117e+00
2.545885562896728516e+00
2.485047340393066406e+00
2.424200773239135742e+00
2.363342285156250000e+00
2.302472591400146484e+00
2.241601467132568359e+00
2.180728912353515625e+00
2.119848728179931641e+00
2.058959960937500000e+00
1.998076558113098145e+00
1.937209367752075195e+00
1.876398324966430664e+00
1.815586090087890625e+00
1.754772663116455078e+00
1.693948626518249512e+00
1.633108139038085938e+00
1.572273254394531250e+00
1.511437296867370605e+00
1.450513839721679688e+00
1.389570593833923340e+00
1.328626394271850586e+00
1.267681956291198730e+00
1.206800460815429688e+00
1.145917773246765137e+00
1.085034132003784180e+00
1.024159073829650879e+00
9.632962942123413086e-01
9.024325609207153320e-01
8.415610790252685547e-01
7.806554436683654785e-01
7.197326421737670898e-01
6.588090062141418457e-01
5.978849530220031738e-01
5.370068550109863281e-01
4.761278927326202393e-01
4.152412712574005127e-01
3.543540239334106445e-01
2.934506237506866455e-01
2.325464487075805664e-01
1.716415584087371826e-01
1.107005998492240906e-01
4.972853511571884155e-02
-1.123731117695569992e-02
-7.220376282930374146e-02
-1.331182569265365601e-01
-1.940273791551589966e-01
-2.549370527267456055e-01
-3.158506453037261963e-01
-3.767858147621154785e-01
-4.377146661281585693e-01
-4.986439645290374756e-01
-5.595804452896118164e-01
-6.205244660377502441e-01
-6.814689636230468750e-01
-7.424207925796508789e-01
-8.033225536346435547e-01
-8.642129302024841309e-01
-9.251036643981933594e-01
-9.859977960586547852e-01
-1.046926856040954590e+00
-1.107856154441833496e+00
-1.168792724609375000e+00
-1.229734659194946289e+00
-1.290696740150451660e+00
-1.351658940315246582e+00
-1.412621498107910156e+00
-1.473590135574340820e+00
-1.534568905830383301e+00
-1.595540881156921387e+00
-1.656512975692749023e+00
-1.717461943626403809e+00
-1.778410434722900391e+00
-1.839358925819396973e+00
-1.900318145751953125e+00
-1.961313486099243164e+00
-2.022302150726318359e+00
-2.083290576934814453e+00
-2.144238233566284180e+00
-2.205153942108154297e+00
-2.266069889068603516e+00
-2.326992273330688477e+00
-2.387932777404785156e+00
-2.448876857757568359e+00
-2.509821176528930664e+00
-2.570770263671875000e+00
-2.631747007369995117e+00
-2.692723989486694336e+00
-2.753707408905029297e+00
-2.814689397811889648e+00
-2.875678300857543945e+00
-2.936667203903198242e+00
-2.997655391693115234e+00
-3.058608293533325195e+00
-3.119555711746215820e+00
-3.180496215820312500e+00
-3.241437196731567383e+00
-3.302405595779418945e+00
-3.363373517990112305e+00
-3.424341201782226562e+00
-3.485314130783081055e+00
-3.546305179595947266e+00
-3.607288837432861328e+00
-3.668272018432617188e+00
-3.729233741760253906e+00
-3.790182828903198242e+00
-3.851131439208984375e+00
-3.912086248397827148e+00
-3.973055601119995117e+00
-4.034025669097900391e+00
-4.094995021820068359e+00
-4.155969142913818359e+00
-4.216959476470947266e+00
-4.277949333190917969e+00
-4.338945388793945312e+00
-4.399932861328125000e+00
-4.460918903350830078e+00
-4.521903991699218750e+00
-4.582888603210449219e+00
-4.643838405609130859e+00
-4.704779624938964844e+00
-4.765727043151855469e+00
-4.826674938201904297e+00
-4.887682914733886719e+00
-4.948689937591552734e+00
-5.009696483612060547e+00
-5.070681095123291016e+00
-5.131642818450927734e+00
-5.192596435546875000e+00
-5.253549098968505859e+00
-5.314516067504882812e+00
-5.375487804412841797e+00
-5.436459064483642578e+00
-5.497428894042968750e+00
-5.558383464813232422e+00
-5.619329929351806641e+00
-5.680274963378906250e+00
-5.741227626800537109e+00
-5.802199363708496094e+00
-5.863169670104980469e+00
-5.924145698547363281e+00
-5.985094070434570312e+00
-6.046027660369873047e+00
-6.106960296630859375e+00
-6.167891502380371094e+00
-6.228868484497070312e+00
-6.289849281311035156e+00
-6.350835800170898438e+00
-6.411812305450439453e+00
-6.472779750823974609e+00
-6.533745288848876953e+00
-6.594709873199462891e+00
-6.655680179595947266e+00
-6.716664314270019531e+00
-6.777639865875244141e+00
-6.838613986968994141e+00
-6.899590492248535156e+00
-6.960566997528076172e+00
-7.021541595458984375e+00
-7.082512378692626953e+00
-7.143461704254150391e+00
-7.204402446746826172e+00
-7.265341281890869141e+00
-7.326282501220703125e+00
-7.387227535247802734e+00
-7.448171138763427734e+00
-7.509119987487792969e+00
-7.570084571838378906e+00
-7.631059169769287109e+00
-7.692032337188720703e+00
-7.753003597259521484e+00
-7.813921928405761719e+00
-7.874836921691894531e+00
-7.935757160186767578e+00
-7.996675968170166016e+00
-8.057614326477050781e+00
-8.118551254272460938e+00
-8.179485321044921875e+00
-8.240420341491699219e+00
-8.301362037658691406e+00
-8.362295150756835938e+00
-8.423225402832031250e+00
-8.484208106994628906e+00
-8.545198440551757812e+00
-8.606185913085937500e+00
-8.667161941528320312e+00
-8.728090286254882812e+00
-8.789009094238281250e+00
-8.849925041198730469e+00
-8.910856246948242188e+00
-8.971805572509765625e+00
-9.032752037048339844e+00
-9.093703269958496094e+00
-9.154607772827148438e+00
-9.215497970581054688e+00
-9.276386260986328125e+00
-9.337271690368652344e+00
-9.398178100585937500e+00
-9.459081649780273438e+00
-9.519989967346191406e+00
-9.580892562866210938e+00
-9.641800880432128906e+00
-9.702706336975097656e+00
-9.763609886169433594e+00
-9.824522972106933594e+00
-9.885448455810546875e+00
-9.946363449096679688e+00
-1.000727653503417969e+01
-1.006819152832031250e+01
-1.012910461425781250e+01
-1.019001388549804688e+01
-1.025090885162353516e+01
-1.031176280975341797e+01
-1.037260723114013672e+01
-1.043344974517822266e+01
-1.049432849884033203e+01
-1.055524063110351562e+01
-1.061614990234375000e+01
-1.067705631256103516e+01
-1.073793697357177734e+01
-1.079880142211914062e+01
-1.085966205596923828e+01
-1.092052841186523438e+01
-1.098145675659179688e+01
-1.104238224029541016e+01
-1.110331058502197266e+01
-1.116416549682617188e+01
-1.122492694854736328e+01
-1.128568458557128906e+01
-1.134643936157226562e+01
-1.140725898742675781e+01
-1.146810436248779297e+01
-1.152895259857177734e+01
-1.158979129791259766e+01
-1.165068054199218750e+01
-1.171156692504882812e+01
-1.177244949340820312e+01
-1.183331489562988281e+01
-1.189414978027343750e+01
-1.195497417449951172e+01
-1.201579570770263672e+01
-1.207663440704345703e+01
-1.213748550415039062e+01
-1.219833278656005859e+01
-1.225917720794677734e+01
-1.231995201110839844e+01
-1.238070774078369141e+01
-1.244146060943603516e+01
-1.250222587585449219e+01
-1.256305503845214844e+01
-1.262388038635253906e+01
-1.268470954895019531e+01
-1.274421310424804688e+01
-1.280231952667236328e+01
-1.286042213439941406e+01
-1.291852188110351562e+01
-1.297211360931396484e+01
-1.302444076538085938e+01
-1.307677173614501953e+01
-1.312863922119140625e+01
-1.317510414123535156e+01
-1.322156715393066406e+01
-1.326802825927734375e+01
-1.331236076354980469e+01
-1.335313415527343750e+01
-1.339390087127685547e+01
-1.343466567993164062e+01
-1.347152137756347656e+01
-1.350645065307617188e+01
-1.354137897491455078e+01
-1.357630538940429688e+01
-1.360563278198242188e+01
-1.363476085662841797e+01
-1.366388702392578125e+01
-1.369152069091796875e+01
-1.371496105194091797e+01
-1.373840045928955078e+01
-1.376184272766113281e+01
-1.378203487396240234e+01
-1.379966068267822266e+01
-1.381728744506835938e+01
-1.383491325378417969e+01
-1.384761905670166016e+01
-1.385948944091796875e+01
-1.387136077880859375e+01
-1.388236045837402344e+01
-1.388846683502197266e+01
-1.389457416534423828e+01
-1.390068054199218750e+01
-1.390421009063720703e+01
-1.390455341339111328e+01
-1.390489673614501953e+01
-1.390524005889892578e+01
-1.390128326416015625e+01
-1.389584255218505859e+01
-1.389040088653564453e+01
-1.388473320007324219e+01
-1.387355041503906250e+01
-1.386236953735351562e+01
-1.385118865966796875e+01
-1.383915519714355469e+01
-1.382543945312500000e+01
-1.381172275543212891e+01
-1.379800415039062500e+01
-1.378423881530761719e+01
-1.377044486999511719e+01
-1.375665092468261719e+01
-1.374285697937011719e+01
-1.372907066345214844e+01
-1.371528434753417969e+01
-1.370149612426757812e+01
-1.368771553039550781e+01
-1.367395973205566406e+01
-1.366020298004150391e+01
-1.364644622802734375e+01
-1.363267040252685547e+01
-1.361887645721435547e+01
-1.360508346557617188e+01
-1.359129047393798828e+01
-1.357755851745605469e+01
-1.356384086608886719e+01
-1.355012226104736328e+01
-1.353640174865722656e+01
-1.352266407012939453e+01
-1.350892829895019531e+01
-1.349519252777099609e+01
-1.348143196105957031e+01
-1.346763706207275391e+01
-1.345384120941162109e+01
-1.344004440307617188e+01
-1.342626857757568359e+01
-1.341250228881835938e+01
-1.339873504638671875e+01
-1.338496685028076172e+01
-1.337124824523925781e+01
-1.335752868652343750e+01
-1.334380722045898438e+01
-1.333005619049072266e+01
-1.331623458862304688e+01
-1.330241298675537109e+01
-1.328859043121337891e+01
-1.327483558654785156e+01
-1.326112651824951172e+01
-1.324741554260253906e+01
-1.323370552062988281e+01
-1.321994304656982422e+01
-1.320617294311523438e+01
-1.319240188598632812e+01
-1.317863273620605469e+01
-1.316486740112304688e+01
-1.315110397338867188e+01
-1.313733959197998047e+01
-1.312356090545654297e+01
-1.310976791381835938e+01
-1.309597492218017578e+01
-1.308218097686767578e+01
-1.306844234466552734e+01
-1.305472278594970703e+01
-1.304100131988525391e+01
-1.302727985382080078e+01
-1.301355361938476562e+01
-1.299982643127441406e+01
-1.298609733581542969e+01
-1.297236537933349609e+01
-1.295862579345703125e+01
-1.294488620758056641e+01
-1.293114566802978516e+01
-1.291737651824951172e+01
-1.290359306335449219e+01
-1.288980770111083984e+01
-1.287602329254150391e+01
-1.286220073699951172e+01
-1.284837627410888672e+01
-1.283455181121826172e+01
-1.282079124450683594e+01
-1.280721569061279297e+01
-1.279364204406738281e+01
-1.278006744384765625e+01
-1.276630687713623047e+01
-1.275239753723144531e+01
-1.273848819732666016e+01
-1.272457885742187500e+01
-1.271077728271484375e+01
-1.269699478149414062e+01
-1.268321323394775391e+01
-1.266944217681884766e+01
-1.265573787689208984e+01
-1.264203357696533203e+01
-1.262832736968994141e+01
-1.261460113525390625e+01
-1.260084819793701172e+01
-1.258709526062011719e+01
-1.257334136962890625e+01
-1.255958461761474609e+01
-1.254582595825195312e+01
-1.253206539154052734e+01
-1.251830482482910156e+01
-1.250452041625976562e+01
-1.249073600769042969e+01
-1.247695064544677734e+01
-1.246318531036376953e+01
-1.244945907592773438e+01
-1.243573284149169922e+01
-1.242200756072998047e+01
-1.240824699401855469e+01
-1.239446640014648438e+01
-1.238068485260009766e+01
-1.236690330505371094e+01
-1.235312366485595703e+01
-1.233934497833251953e+01
-1.232556629180908203e+01
-1.231178474426269531e+01
-1.229799365997314453e+01
-1.228420257568359375e+01
-1.227040958404541016e+01
-1.225663375854492188e+01
-1.224287223815917969e+01
-1.222911167144775391e+01
-1.221535015106201172e+01
-1.220159530639648438e+01
-1.218784332275390625e+01
-1.217408847808837891e+01
-1.216033077239990234e+01
-1.214653682708740234e+01
-1.213274288177490234e+01
-1.211894893646240234e+01
-1.210516643524169922e+01
-1.209140014648437500e+01
-1.207763481140136719e+01
-1.206386852264404297e+01
-1.205012798309326172e+01
-1.203639793395996094e+01
-1.202266693115234375e+01
-1.200893592834472656e+01
-1.199502182006835938e+01
-1.198110961914062500e+01
-1.196719551086425781e+01
-1.195335769653320312e+01
-1.193970108032226562e+01
-1.192604351043701172e+01
-1.191238498687744141e+01
-1.189868354797363281e+01
-1.188495254516601562e+01
-1.187122154235839844e+01
-1.185749053955078125e+01
-1.184364604949951172e+01
-1.182978820800781250e+01
-1.181592750549316406e+01
-1.180208587646484375e+01
-1.178832149505615234e+01
-1.177455615997314453e+01
-1.176079082489013672e+01
-1.174702358245849609e+01
-1.173325443267822266e+01
-1.171948337554931641e+01
-1.170571327209472656e+01
-1.169194602966308594e+01
-1.167817974090576172e+01
-1.166441249847412109e+01
-1.165064239501953125e+01
-1.163683891296386719e+01
-1.162303733825683594e+01
-1.160923480987548828e+01
-1.159546184539794922e+01
-1.158173847198486328e+01
-1.156801509857177734e+01
-1.155429077148437500e+01
-1.154050350189208984e+01
-1.152668666839599609e+01
-1.151286888122558594e+01
-1.149905109405517578e+01
-1.148526287078857422e+01
-1.147147560119628906e+01
-1.145768547058105469e+01
-1.144390773773193359e+01
-1.143015766143798828e+01
-1.141640758514404297e+01
-1.140265750885009766e+01
-1.138888835906982422e+01
-1.137510585784912109e+01
-1.136132049560546875e+01
-1.134753704071044922e+01
-1.133379173278808594e+01
-1.132005214691162109e+01
-1.130631351470947266e+01
-1.129255294799804688e+01
-1.127867031097412109e+01
-1.126478862762451172e+01
-1.125090599060058594e+01
-1.123706436157226562e+01
-1.122327423095703125e+01
-1.120948314666748047e+01
-1.119569206237792969e+01
-1.118196773529052734e+01
-1.116827011108398438e+01
-1.115457153320312500e+01
-1.114087009429931641e+01
-1.112711620330810547e+01
-1.111336231231689453e+01
-1.109960556030273438e+01
-1.108581829071044922e+01
-1.107196617126464844e+01
-1.105811405181884766e+01
-1.104426097869873047e+01
-1.103044509887695312e+01
-1.101665115356445312e+01
-1.100285625457763672e+01
-1.098906230926513672e+01
-1.097529029846191406e+01
-1.096151924133300781e+01
-1.094774818420410156e+01
-1.093396854400634766e+01
-1.092015743255615234e+01
-1.090634727478027344e+01
-1.089253711700439453e+01
-1.087872505187988281e+01
-1.086491298675537109e+01
-1.085109996795654297e+01
-1.083728694915771484e+01
-1.082349014282226562e+01
-1.080969905853271484e+01
-1.079590797424316406e+01
-1.078211688995361328e+01
-1.076833057403564453e+01
-1.075454425811767578e+01
-1.074075603485107422e+01
-1.072697734832763672e+01
-1.071321201324462891e+01
-1.069944572448730469e+01
-1.068567848205566406e+01
-1.067187786102294922e+01
-1.065806102752685547e+01
-1.064424324035644531e+01
-1.063042640686035156e+01
-1.061665630340576172e+01
-1.060288619995117188e+01
-1.058911609649658203e+01
-1.057534122467041016e+01
-1.056155490875244141e+01
-1.054776954650878906e+01
-1.053398323059082031e+01
-1.052017593383789062e+01
-1.050635337829589844e+01
-1.049253082275390625e+01
-1.047870731353759766e+01
-1.046487522125244141e+01
-1.045104503631591797e+01
-1.043721389770507812e+01
-1.042339706420898438e+01
-1.040965175628662109e+01
-1.039590454101562500e+01
-1.038215637207031250e+01
-1.036838626861572266e+01
-1.035459136962890625e+01
-1.034079551696777344e+01
-1.032699966430664062e+01
-1.031321716308593750e+01
-1.029943847656250000e+01
-1.028565692901611328e+01
-1.027187538146972656e+01
-1.025805854797363281e+01
-1.024424171447753906e+01
-1.023042488098144531e+01
-1.021659946441650391e+01
-1.020276069641113281e+01
-1.018892192840576172e+01
-1.017508411407470703e+01
-1.016128730773925781e+01
-1.014751243591308594e+01
-1.013373661041259766e+01
-1.011996078491210938e+01
-1.010617828369140625e+01
-1.009239768981933594e+01
-1.007861709594726562e+01
-1.006481456756591797e+01
-1.005094814300537109e+01
-1.003708267211914062e+01
-1.002321529388427734e+01
-1.000943756103515625e+01
-9.995733261108398438e+00
-9.982028007507324219e+00
-9.968322753906250000e+00
-9.954466819763183594e+00
-9.940583229064941406e+00
-9.926697731018066406e+00
-9.912837982177734375e+00
-9.899125099182128906e+00
-9.885412216186523438e+00
-9.871699333190917969e+00
-9.857933044433593750e+00
-9.844097137451171875e+00
-9.830263137817382812e+00
-9.816428184509277344e+00
-9.802579879760742188e+00
-9.788725852966308594e+00
-9.774871826171875000e+00
-9.761020660400390625e+00
-9.747262954711914062e+00
-9.733505249023437500e+00
-9.719747543334960938e+00
-9.705983161926269531e+00
-9.692205429077148438e+00
-9.678426742553710938e+00
-9.664646148681640625e+00
-9.650799751281738281e+00
-9.636912345886230469e+00
-9.623023986816406250e+00
-9.609135627746582031e+00
-9.595321655273437500e+00
-9.581513404846191406e+00
-9.567703247070312500e+00
-9.553907394409179688e+00
-9.540158271789550781e+00
-9.526408195495605469e+00
-9.512658119201660156e+00
-9.498886108398437500e+00
-9.485091209411621094e+00
-9.471297264099121094e+00
-9.457503318786621094e+00
-9.443641662597656250e+00
-9.429763793945312500e+00
-9.415885925292968750e+00
-9.402009010314941406e+00
-9.388141632080078125e+00
-9.374275207519531250e+00
-9.360409736633300781e+00
-9.346598625183105469e+00
-9.332871437072753906e+00
-9.319144248962402344e+00
-9.305417060852050781e+00
-9.291607856750488281e+00
-9.277765274047851562e+00
-9.263923645019531250e+00
-9.250081062316894531e+00
-9.236282348632812500e+00
-9.222484588623046875e+00
-9.208684921264648438e+00
-9.194888114929199219e+00
-9.181097030639648438e+00
-9.167304992675781250e+00
-9.153512954711914062e+00
-9.139673233032226562e+00
-9.125799179077148438e+00
-9.111924171447753906e+00
-9.098050117492675781e+00
-9.084292411804199219e+00
-9.070549964904785156e+00
-9.056806564331054688e+00
-9.043046951293945312e+00
-9.029209136962890625e+00
-9.015372276306152344e+00
-9.001535415649414062e+00
-8.987714767456054688e+00
-8.973914146423339844e+00
-8.960112571716308594e+00
-8.946310043334960938e+00
-8.932472229003906250e+00
-8.918624877929687500e+00
-8.904777526855468750e+00
-8.890931129455566406e+00
-8.877099037170410156e+00
-8.863265991210937500e+00
-8.849431991577148438e+00
-8.835609436035156250e+00
-8.821805953979492188e+00
-8.808001518249511719e+00
-8.794197082519531250e+00
-8.780360221862792969e+00
-8.766506195068359375e+00
-8.752651214599609375e+00
-8.738796234130859375e+00
-8.725002288818359375e+00
-8.711211204528808594e+00
-8.697419166564941406e+00
-8.683628082275390625e+00
-8.669836044311523438e+00
-8.656045913696289062e+00
-8.642254829406738281e+00
-8.628426551818847656e+00
-8.614566802978515625e+00
-8.600707054138183594e+00
-8.586847305297851562e+00
-8.573005676269531250e+00
-8.559167861938476562e+00
-8.545330047607421875e+00
-8.531496047973632812e+00
-8.517687797546386719e+00
-8.503878593444824219e+00
-8.490067481994628906e+00
-8.476257324218750000e+00
-8.462447166442871094e+00
-8.448636054992675781e+00
-8.434823989868164062e+00
-8.421044349670410156e+00
-8.407276153564453125e+00
-8.393505096435546875e+00
-8.379734039306640625e+00
-8.365877151489257812e+00
-8.352019309997558594e+00
-8.338162422180175781e+00
-8.324308395385742188e+00
-8.310462951660156250e+00
-8.296617507934570312e+00
-8.282772064208984375e+00
-8.268929481506347656e+00
-8.255088806152343750e+00
-8.241247177124023438e+00
-8.227405548095703125e+00
-8.213575363159179688e+00
-8.199747085571289062e+00
-8.185917854309082031e+00
-8.172092437744140625e+00
-8.158277511596679688e+00
-8.144461631774902344e+00
-8.130643844604492188e+00
-8.116824150085449219e+00
-8.102998733520507812e+00
-8.089174270629882812e+00
-8.075348854064941406e+00
-8.061514854431152344e+00
-8.047679901123046875e+00
-8.033842086791992188e+00
-8.020008087158203125e+00
-8.006191253662109375e+00
-7.992373466491699219e+00
-7.978555679321289062e+00
-7.964731216430664062e+00
-7.950894832611083984e+00
-7.937060356140136719e+00
-7.923225402832031250e+00
-7.909414768218994141e+00
-7.895615100860595703e+00
-7.881815433502197266e+00
-7.868015289306640625e+00
-7.854121685028076172e+00
-7.840228557586669922e+00
-7.826334953308105469e+00
-7.812473297119140625e+00
-7.798689365386962891e+00
-7.784905433654785156e+00
-7.771119594573974609e+00
-7.757275581359863281e+00
-7.743389129638671875e+00
-7.729502201080322266e+00
-7.715614795684814453e+00
-7.701819419860839844e+00
-7.688036441802978516e+00
-7.674251556396484375e+00
-7.660450935363769531e+00
-7.646570205688476562e+00
-7.632689476013183594e+00
-7.618808746337890625e+00
-7.604955673217773438e+00
-7.591132640838623047e+00
-7.577311038970947266e+00
-7.563488960266113281e+00
-7.549681186676025391e+00
-7.535877704620361328e+00
-7.522074222564697266e+00
-7.508266925811767578e+00
-7.494409561157226562e+00
-7.480553627014160156e+00
-7.466697692871093750e+00
-7.452835559844970703e+00
-7.438963890075683594e+00
-7.425091743469238281e+00
-7.411218166351318359e+00
-7.397368907928466797e+00
-7.383531570434570312e+00
-7.369693756103515625e+00
-7.355855941772460938e+00
-7.342125892639160156e+00
-7.328400611877441406e+00
-7.314673423767089844e+00
-7.300906181335449219e+00
-7.287013053894042969e+00
-7.273119926452636719e+00
-7.259226799011230469e+00
-7.245358943939208984e+00
-7.231510639190673828e+00
-7.217663288116455078e+00
-7.203815937042236328e+00
-7.189980506896972656e+00
-7.176146507263183594e+00
-7.162312030792236328e+00
-7.148474693298339844e+00
-7.134615898132324219e+00
-7.120758533477783203e+00
-7.106901168823242188e+00
-7.093042850494384766e+00
-7.079183101654052734e+00
-7.065323352813720703e+00
-7.051461696624755859e+00
-7.037653446197509766e+00
-7.023864269256591797e+00
-7.010075092315673828e+00
-6.996283531188964844e+00
-6.982433319091796875e+00
-6.968582630157470703e+00
-6.954730510711669922e+00
-6.940879821777343750e+00
-6.927029132843017578e+00
-6.913177967071533203e+00
-6.899326801300048828e+00
-6.885478973388671875e+00
-6.871631145477294922e+00
-6.857784271240234375e+00
-6.843937873840332031e+00
-6.830106735229492188e+00
-6.816277027130126953e+00
-6.802446842193603516e+00
-6.788609981536865234e+00
-6.774746894836425781e+00
-6.760885238647460938e+00
-6.747023582458496094e+00
-6.733184814453125000e+00
-6.719368934631347656e+00
-6.705552577972412109e+00
-6.691734313964843750e+00
-6.677874565124511719e+00
-6.664004325866699219e+00
-6.650133609771728516e+00
-6.636266231536865234e+00
-6.622428417205810547e+00
-6.608590126037597656e+00
-6.594750404357910156e+00
-6.580918788909912109e+00
-6.567098140716552734e+00
-6.553277492523193359e+00
-6.539456367492675781e+00
-6.525599002838134766e+00
-6.511723995208740234e+00
-6.497850418090820312e+00
-6.483976364135742188e+00
-6.470113754272460938e+00
-6.456250667572021484e+00
-6.442387104034423828e+00
-6.428541660308837891e+00
-6.414738655090332031e+00
-6.400936603546142578e+00
-6.387134552001953125e+00
-6.373284339904785156e+00
-6.359398841857910156e+00
-6.345513343811035156e+00
-6.331625938415527344e+00
-6.317800521850585938e+00
-6.303983211517333984e+00
-6.290165424346923828e+00
-6.276330947875976562e+00
-6.262417316436767578e+00
-6.248503684997558594e+00
-6.234588146209716797e+00
-6.220726013183593750e+00
-6.206923007965087891e+00
-6.193119525909423828e+00
-6.179315567016601562e+00
-6.165484905242919922e+00
-6.151644706726074219e+00
-6.137805461883544922e+00
-6.123968124389648438e+00
-6.110163211822509766e+00
-6.096357345581054688e+00
-6.082551479339599609e+00
-6.068710803985595703e+00
-6.054806709289550781e+00
-6.040904045104980469e+00
-6.027000904083251953e+00
-6.013135433197021484e+00
-5.999289512634277344e+00
-5.985443115234375000e+00
-5.971596717834472656e+00
-5.957736968994140625e+00
-5.943878173828125000e+00
-5.930018901824951172e+00
-5.916163444519042969e+00
-5.902319908142089844e+00
-5.888475894927978516e+00
-5.874629974365234375e+00
-5.860766887664794922e+00
-5.846888065338134766e+00
-5.833008766174316406e+00
-5.819129467010498047e+00
-5.805340290069580078e+00
-5.791567802429199219e+00
-5.777793884277343750e+00
-5.764001846313476562e+00
-5.750084877014160156e+00
-5.736167430877685547e+00
-5.722250461578369141e+00
-5.708379745483398438e+00
-5.694569587707519531e+00
-5.680760860443115234e+00
-5.666951656341552734e+00
-5.653105258941650391e+00
-5.639244556427001953e+00
-5.625384330749511719e+00
-5.611521720886230469e+00
-5.597664833068847656e+00
-5.583807468414306641e+00
-5.569949626922607422e+00
-5.556083202362060547e+00
-5.542197704315185547e+00
-5.528312206268310547e+00
-5.514424800872802734e+00
-5.500566959381103516e+00
-5.486726284027099609e+00
-5.472885608673095703e+00
-5.459044933319091797e+00
-5.445191383361816406e+00
-5.431336402893066406e+00
-5.417479515075683594e+00
-5.403630256652832031e+00
-5.389802932739257812e+00
-5.375975131988525391e+00
-5.362147331237792969e+00
-5.348294258117675781e+00
-5.334414958953857422e+00
-5.320537090301513672e+00
-5.306658744812011719e+00
-5.292750835418701172e+00
-5.278835296630859375e+00
-5.264919757843017578e+00
-5.251019001007080078e+00
-5.237253665924072266e+00
-5.223489284515380859e+00
-5.209724903106689453e+00
-5.195918083190917969e+00
-5.182045459747314453e+00
-5.168172836303710938e+00
-5.154298305511474609e+00
-5.140408992767333984e+00
-5.126512527465820312e+00
-5.112615108489990234e+00
-5.098718166351318359e+00
-5.084871768951416016e+00
-5.071026325225830078e+00
-5.057178497314453125e+00
-5.043338298797607422e+00
-5.029513359069824219e+00
-5.015687942504882812e+00
-5.001862525939941406e+00
-4.987998485565185547e+00
-4.974105358123779297e+00
-4.960213184356689453e+00
-4.946321487426757812e+00
-4.932507514953613281e+00
-4.918704509735107422e+00
-4.904901027679443359e+00
-4.891078948974609375e+00
-4.877165794372558594e+00
-4.863254547119140625e+00
-4.849342823028564453e+00
-4.835451602935791016e+00
-4.821584224700927734e+00
-4.807715892791748047e+00
-4.793846607208251953e+00
-4.780035495758056641e+00
-4.766241550445556641e+00
-4.752447605133056641e+00
-4.738647460937500000e+00
-4.724750995635986328e+00
-4.710854053497314453e+00
-4.696955680847167969e+00
-4.683070182800292969e+00
-4.669205665588378906e+00
-4.655340671539306641e+00
-4.641475677490234375e+00
-4.627628803253173828e+00
-4.613790512084960938e+00
-4.599953651428222656e+00
-4.586116313934326172e+00
-4.572222709655761719e+00
-4.558325767517089844e+00
-4.544429302215576172e+00
-4.530550956726074219e+00
-4.516729354858398438e+00
-4.502909183502197266e+00
-4.489089012145996094e+00
-4.475229263305664062e+00
-4.461336612701416016e+00
-4.447443485260009766e+00
-4.433548450469970703e+00
-4.419661045074462891e+00
-4.405774593353271484e+00
-4.391888141632080078e+00
-4.378013610839843750e+00
-4.364218235015869141e+00
-4.350422382354736328e+00
-4.336624622344970703e+00
-4.322763919830322266e+00
-4.308818340301513672e+00
-4.294872760772705078e+00
-4.280926704406738281e+00
-4.267050266265869141e+00
-4.253198146820068359e+00
-4.239347457885742188e+00
-4.225497722625732422e+00
-4.211701869964599609e+00
-4.197905540466308594e+00
-4.184109210968017578e+00
-4.170277595520019531e+00
-4.156369686126708984e+00
-4.142463207244873047e+00
-4.128556251525878906e+00
-4.114669799804687500e+00
-4.100795745849609375e+00
-4.086921215057373047e+00
-4.073045253753662109e+00
-4.059166908264160156e+00
-4.045288562774658203e+00
-4.031409740447998047e+00
-4.017541408538818359e+00
-4.003710746765136719e+00
-3.989880323410034180e+00
-3.976047992706298828e+00
-3.962218761444091797e+00
-3.948390483856201172e+00
-3.934562206268310547e+00
-3.920733928680419922e+00
-3.906846761703491211e+00
-3.892943143844604492e+00
-3.879040956497192383e+00
-3.865141868591308594e+00
-3.851271867752075195e+00
-3.837401390075683594e+00
-3.823531150817871094e+00
-3.809651613235473633e+00
-3.795757055282592773e+00
-3.781863927841186523e+00
-3.767970561981201172e+00
-3.754091024398803711e+00
-3.740217208862304688e+00
-3.726343393325805664e+00
-3.712467670440673828e+00
-3.698594331741333008e+00
-3.684720754623413086e+00
-3.670846939086914062e+00
-3.656991004943847656e+00
-3.643181562423706055e+00
-3.629371643066406250e+00
-3.615560054779052734e+00
-3.601714611053466797e+00
-3.587843418121337891e+00
-3.573971748352050781e+00
-3.560100078582763672e+00
-3.546200275421142578e+00
-3.532294750213623047e+00
-3.518390655517578125e+00
-3.504486322402954102e+00
-3.490582466125488281e+00
-3.476678609848022461e+00
-3.462774276733398438e+00
-3.448901653289794922e+00
-3.435063362121582031e+00
-3.421226501464843750e+00
-3.407389402389526367e+00
-3.393595695495605469e+00
-3.379815340042114258e+00
-3.366034746170043945e+00
-3.352245092391967773e+00
-3.338337182998657227e+00
-3.324429035186767578e+00
-3.310520648956298828e+00
-3.296616792678833008e+00
-3.282721519470214844e+00
-3.268826007843017578e+00
-3.254928588867187500e+00
-3.241054773330688477e+00
-3.227192640304565430e+00
-3.213330030441284180e+00
-3.199467420578002930e+00
-3.185580492019653320e+00
-3.171690464019775391e+00
-3.157801866531372070e+00
-3.143911838531494141e+00
-3.130017042160034180e+00
-3.116122007369995117e+00
-3.102226734161376953e+00
-3.088362693786621094e+00
-3.074523448944091797e+00
-3.060685396194458008e+00
-3.046847343444824219e+00
-3.032972812652587891e+00
-3.019091129302978516e+00
-3.005209207534790039e+00
-2.991321563720703125e+00
-2.977410316467285156e+00
-2.963498830795288086e+00
-2.949587106704711914e+00
-2.935718059539794922e+00
-2.921905517578125000e+00
-2.908092737197875977e+00
-2.894278287887573242e+00
-2.880414485931396484e+00
-2.866531372070312500e+00
-2.852648258209228516e+00
-2.838765144348144531e+00
-2.824896335601806641e+00
-2.811025857925415039e+00
-2.797156572341918945e+00
-2.783286094665527344e+00
-2.769412994384765625e+00
-2.755539655685424805e+00
-2.741666078567504883e+00
-2.727801084518432617e+00
-2.713939666748046875e+00
-2.700079679489135742e+00
-2.686219453811645508e+00
-2.672323942184448242e+00
-2.658424615859985352e+00
-2.644525289535522461e+00
-2.630630970001220703e+00
-2.616765022277832031e+00
-2.602899074554443359e+00
-2.589032649993896484e+00
-2.575163841247558594e+00
-2.561292648315429688e+00
-2.547421216964721680e+00
-2.533548116683959961e+00
-2.519654035568237305e+00
-2.505753993988037109e+00
-2.491853713989257812e+00
-2.477957725524902344e+00
-2.464102983474731445e+00
-2.450246334075927734e+00
-2.436391353607177734e+00
-2.422525167465209961e+00
-2.408642053604125977e+00
-2.394758939743041992e+00
-2.380875587463378906e+00
-2.367042779922485352e+00
-2.353231668472290039e+00
-2.339421749114990234e+00
-2.325611829757690430e+00
-2.311676263809204102e+00
-2.297738552093505859e+00
-2.283800363540649414e+00
-2.269882917404174805e+00
-2.256024599075317383e+00
-2.242165803909301758e+00
-2.228307008743286133e+00
-2.214431524276733398e+00
-2.200543642044067383e+00
-2.186655521392822266e+00
-2.172765731811523438e+00
-2.158923149108886719e+00
-2.145087003707885742e+00
-2.131250858306884766e+00
-2.117404222488403320e+00
-2.103507041931152344e+00
-2.089608192443847656e+00
-2.075710535049438477e+00
-2.061813354492187500e+00
-2.047916173934936523e+00
-2.034018993377685547e+00
-2.020121574401855469e+00
-2.006249427795410156e+00
-1.992383837699890137e+00
-1.978519439697265625e+00
-1.964654326438903809e+00
-1.950778484344482422e+00
-1.936902403831481934e+00
-1.923026204109191895e+00
-1.909164428710937500e+00
-1.895333647727966309e+00
-1.881502747535705566e+00
-1.867671608924865723e+00
-1.853765130043029785e+00
-1.839817762374877930e+00
-1.825870156288146973e+00
-1.811921000480651855e+00
-1.798007249832153320e+00
-1.784095287322998047e+00
-1.770183205604553223e+00
-1.756300210952758789e+00
-1.742509245872497559e+00
-1.728716611862182617e+00
-1.714925408363342285e+00
-1.701082706451416016e+00
-1.687195777893066406e+00
-1.673308610916137695e+00
-1.659421324729919434e+00
-1.645531058311462402e+00
-1.631638407707214355e+00
-1.617747187614440918e+00
-1.603857159614562988e+00
-1.589975833892822266e+00
-1.576094388961791992e+00
-1.562212824821472168e+00
-1.548326849937438965e+00
-1.534438490867614746e+00
-1.520550012588500977e+00
-1.506661415100097656e+00
-1.492782950401306152e+00
-1.478908300399780273e+00
-1.465033531188964844e+00
-1.451156973838806152e+00
-1.437281489372253418e+00
-1.423405885696411133e+00
-1.409530162811279297e+00
-1.395651698112487793e+00
-1.381767749786376953e+00
-1.367882013320922852e+00
-1.353997707366943359e+00
-1.340111851692199707e+00
-1.326224684715270996e+00
-1.312337517738342285e+00
-1.298450112342834473e+00
-1.284577369689941406e+00
-1.270704388618469238e+00
-1.256832838058471680e+00
-1.242968201637268066e+00
-1.229131579399108887e+00
-1.215294718742370605e+00
-1.201457858085632324e+00
-1.187560915946960449e+00
-1.173607230186462402e+00
-1.159653306007385254e+00
-1.145699381828308105e+00
-1.131834268569946289e+00
-1.117991805076599121e+00
-1.104149222373962402e+00
-1.090302348136901855e+00
-1.076431274414062500e+00
-1.062559962272644043e+00
-1.048688650131225586e+00
-1.034817934036254883e+00
-1.020948529243469238e+00
-1.007077455520629883e+00
-9.932076930999755859e-01
-9.793175458908081055e-01
-9.654179215431213379e-01
-9.515181183815002441e-01
-9.376181960105895996e-01
-9.237872958183288574e-01
-9.099560379981994629e-01
-8.961262106895446777e-01
-8.822706341743469238e-01
-8.683481216430664062e-01
-8.544254302978515625e-01
-8.405026197433471680e-01
-8.265943527221679688e-01
-8.126996755599975586e-01
-7.988048791885375977e-01
-7.849099040031433105e-01
-7.710373401641845703e-01
-7.571681141853332520e-01
-7.432987093925476074e-01
-7.294341921806335449e-01
-7.156044840812683105e-01
-7.017745971679687500e-01
-6.879445910453796387e-01
-6.740812659263610840e-01
-6.601791977882385254e-01
-6.462754011154174805e-01
-6.323730349540710449e-01
-6.184985637664794922e-01
-6.046328544616699219e-01
-5.907670855522155762e-01
-5.768936872482299805e-01
-5.628883242607116699e-01
-5.488843917846679688e-01
-5.348803997039794922e-01
-5.209390521049499512e-01
-5.071140527725219727e-01
-4.932888746261596680e-01
-4.794635772705078125e-01
-4.656461775302886963e-01
-4.518355131149291992e-01
-4.380246996879577637e-01
-4.242137670516967773e-01
-4.103251099586486816e-01
-3.964315950870513916e-01
-3.825363814830780029e-01
-3.686358630657196045e-01
-3.547137379646301270e-01
-3.407914638519287109e-01
-3.268691003322601318e-01
-3.129887282848358154e-01
-2.991448342800140381e-01
-2.852992415428161621e-01
-2.714550793170928955e-01
-2.575707137584686279e-01
-2.436781227588653564e-01
-2.297854125499725342e-01
-2.158962935209274292e-01
-2.020306587219238281e-01
-1.881664693355560303e-01
-1.743021756410598755e-01
-1.604172289371490479e-01
-1.465042531490325928e-01
-1.325911581516265869e-01
-1.186779290437698364e-01
-1.048055812716484070e-01
-9.095123410224914551e-02
-7.709676772356033325e-02
-6.324207037687301636e-02
-4.938118532299995422e-02
-3.552018851041793823e-02
-2.165751159191131592e-02
-7.782397326081991196e-03
6.123384926468133926e-03
2.002928592264652252e-02
3.393530473113059998e-02
4.783084988594055176e-02
6.171970814466476440e-02
7.561025768518447876e-02
8.949936181306838989e-02
1.033718734979629517e-01
1.172427535057067871e-01
1.311137378215789795e-01
1.449801772832870483e-01
1.588297635316848755e-01
1.726778894662857056e-01
1.865261197090148926e-01
2.004310488700866699e-01
2.143932729959487915e-01
2.283556014299392700e-01
2.423180490732192993e-01
2.562000155448913574e-01
2.700591385364532471e-01
2.839184105396270752e-01
2.977758646011352539e-01
3.116138577461242676e-01
3.254519999027252197e-01
3.392918109893798828e-01
3.531470298767089844e-01
3.670292198657989502e-01
3.809114992618560791e-01
3.947938978672027588e-01
4.087211191654205322e-01
4.226692914962768555e-01
4.366191327571868896e-01
4.505675137042999268e-01
4.644211232662200928e-01
4.782727360725402832e-01
4.921244680881500244e-01
5.059714913368225098e-01
5.198075771331787109e-01
5.336422324180603027e-01
5.474769473075866699e-01
5.613568425178527832e-01
5.752706527709960938e-01
5.891846418380737305e-01
6.030986905097961426e-01
6.170166730880737305e-01
6.309334635734558105e-01
6.448504328727722168e-01
6.587572693824768066e-01
6.726119518280029297e-01
6.864667534828186035e-01
7.003231644630432129e-01
7.141935825347900391e-01
7.280821800231933594e-01
7.419708967208862305e-01
7.558596730232238770e-01
7.697235941886901855e-01
7.835794687271118164e-01
7.974370718002319336e-01
8.112958073616027832e-01
8.252019882202148438e-01
8.391082286834716797e-01
8.530145883560180664e-01
8.669080138206481934e-01
8.807787299156188965e-01
8.946480154991149902e-01
9.085173606872558594e-01
9.224112629890441895e-01
9.363188147544860840e-01
9.502264261245727539e-01
9.641341567039489746e-01
9.780341386795043945e-01
9.919320940971374512e-01
1.005830049514770508e+00
1.019713640213012695e+00
1.033550262451171875e+00
1.047386884689331055e+00
1.061225295066833496e+00
1.075066328048706055e+00
1.088911056518554688e+00
1.102755904197692871e+00
1.116600751876831055e+00
1.130526781082153320e+00
1.144469618797302246e+00
1.158414006233215332e+00
1.172351360321044922e+00
1.186248779296875000e+00
1.200146436691284180e+00
1.214044094085693359e+00
1.227942585945129395e+00
1.241843581199645996e+00
1.255743145942687988e+00
1.269642829895019531e+00
1.283525228500366211e+00
1.297400951385498047e+00
1.311276793479919434e+00
1.325152397155761719e+00
1.339002847671508789e+00
1.352851748466491699e+00
1.366700887680053711e+00
1.380569100379943848e+00
1.394479990005493164e+00
1.408390879631042480e+00
1.422303438186645508e+00
1.436168193817138672e+00
1.450003027915954590e+00
1.463837862014770508e+00
1.477672815322875977e+00
1.491597294807434082e+00
1.505531430244445801e+00
1.519467353820800781e+00
1.533383607864379883e+00
1.547226905822753906e+00
1.561070322990417480e+00
1.574913859367370605e+00
1.588768362998962402e+00
1.602635860443115234e+00
1.616501808166503906e+00
1.630367875099182129e+00
1.644264698028564453e+00
1.658169627189636230e+00
1.672074675559997559e+00
1.685976505279541016e+00
1.699845075607299805e+00
1.713712096214294434e+00
1.727579236030578613e+00
1.741445183753967285e+00
1.755309224128723145e+00
1.769173264503479004e+00
1.783039093017578125e+00
1.796950578689575195e+00
1.810884475708007812e+00
1.824818491935729980e+00
1.838752508163452148e+00
1.852536678314208984e+00
1.866317391395568848e+00
1.880099654197692871e+00
1.893941640853881836e+00
1.907947421073913574e+00
1.921953082084655762e+00
1.935958981513977051e+00
1.949868440628051758e+00
1.963706374168395996e+00
1.977542757987976074e+00
1.991379380226135254e+00
2.005250930786132812e+00
2.019128084182739258e+00
2.033005475997924805e+00
2.046886920928955078e+00
2.060791730880737305e+00
2.074695348739624023e+00
2.088598728179931641e+00
2.102468013763427734e+00
2.116296768188476562e+00
2.130125522613525391e+00
2.143955707550048828e+00
2.157849311828613281e+00
2.171763896942138672e+00
2.185678720474243164e+00
2.199592113494873047e+00
2.213478088378906250e+00
2.227363824844360352e+00
2.241251468658447266e+00
2.255136489868164062e+00
2.269019603729248047e+00
2.282902956008911133e+00
2.296786069869995117e+00
2.310656785964965820e+00
2.324521780014038086e+00
2.338385343551635742e+00
2.352249145507812500e+00
2.366161346435546875e+00
2.380076646804809570e+00
2.393992185592651367e+00
2.407897472381591797e+00
2.421771049499511719e+00
2.435642957687377930e+00
2.449515104293823242e+00
2.463396787643432617e+00
2.477286815643310547e+00
2.491177082061767578e+00
2.505069017410278320e+00
2.519013643264770508e+00
2.532969951629638672e+00
2.546926021575927734e+00
2.560859918594360352e+00
2.574633121490478516e+00
2.588406324386596680e+00
2.602181434631347656e+00
2.615992784500122070e+00
2.629856586456298828e+00
2.643720626831054688e+00
2.657584667205810547e+00
2.671523571014404297e+00
2.685493707656860352e+00
2.699462175369262695e+00
2.713429212570190430e+00
2.727253437042236328e+00
2.741077423095703125e+00
2.754901885986328125e+00
2.768729209899902344e+00
2.782564640045166016e+00
2.796398639678955078e+00
2.810232877731323242e+00
2.824126482009887695e+00
2.838059186935424805e+00
2.851992130279541016e+00
2.865926504135131836e+00
2.879857301712036133e+00
2.893787860870361328e+00
2.907718420028686523e+00
2.921633481979370117e+00
2.935484647750854492e+00
2.949335813522338867e+00
2.963188409805297852e+00
2.977035522460937500e+00
2.990878582000732422e+00
3.004721403121948242e+00
3.018564462661743164e+00
3.032425165176391602e+00
3.046292066574096680e+00
3.060157537460327148e+00
3.074024200439453125e+00
3.087902784347534180e+00
3.101781368255615234e+00
3.115660190582275391e+00
3.129544734954833984e+00
3.143440723419189453e+00
3.157335042953491211e+00
3.171229362487792969e+00
3.185098409652709961e+00
3.198955535888671875e+00
3.212812662124633789e+00
3.226671218872070312e+00
3.240570545196533203e+00
3.254470825195312500e+00
3.268371343612670898e+00
3.282275199890136719e+00
3.296187400817871094e+00
3.310101509094238281e+00
3.324013948440551758e+00
3.337903022766113281e+00
3.351774454116821289e+00
3.365645647048950195e+00
3.379517078399658203e+00
3.393383264541625977e+00
3.407250404357910156e+00
3.421115875244140625e+00
3.434988260269165039e+00
3.448896646499633789e+00
3.462805032730102539e+00
3.476713657379150391e+00
3.490607023239135742e+00
3.504479408264160156e+00
3.518351554870605469e+00
3.532223939895629883e+00
3.546110391616821289e+00
3.560001611709594727e+00
3.573892831802368164e+00
3.587782382965087891e+00
3.601601362228393555e+00
3.615420103073120117e+00
3.629239082336425781e+00
3.643090724945068359e+00
3.657004356384277344e+00
3.670919656753540039e+00
3.684833288192749023e+00
3.698727130889892578e+00
3.712609529495239258e+00
3.726491928100585938e+00
3.740374565124511719e+00
3.754303932189941406e+00
3.768238067626953125e+00
3.782170772552490234e+00
3.796073436737060547e+00
3.809876680374145508e+00
3.823680162429809570e+00
3.837483406066894531e+00
3.851328849792480469e+00
3.865208864212036133e+00
3.879088878631591797e+00
3.892969131469726562e+00
3.906824827194213867e+00
3.920675277709960938e+00
3.934525966644287109e+00
3.948383569717407227e+00
3.962277889251708984e+00
3.976172208786010742e+00
3.990066766738891602e+00
4.005029201507568359e+00
4.021484851837158203e+00
4.037942409515380859e+00
4.054398536682128906e+00
4.074973583221435547e+00
4.097205162048339844e+00
4.119437217712402344e+00
4.141724586486816406e+00
4.169919967651367188e+00
4.198118209838867188e+00
4.226313591003417969e+00
4.256309032440185547e+00
4.290394783020019531e+00
4.324480056762695312e+00
4.358565807342529297e+00
4.396186828613281250e+00
4.436140537261962891e+00
4.476094245910644531e+00
4.516047477722167969e+00
4.561312198638916016e+00
4.607180595397949219e+00
4.653048038482666016e+00
4.700058460235595703e+00
4.751782417297363281e+00
4.803505897521972656e+00
4.855228900909423828e+00
4.909831523895263672e+00
4.967426776885986328e+00
5.025027751922607422e+00
5.082621097564697266e+00
5.144867897033691406e+00
5.208375453948974609e+00
5.271881580352783203e+00
5.335867881774902344e+00
5.405182838439941406e+00
5.474504470825195312e+00
5.543816566467285156e+00
5.615374565124511719e+00
5.690612316131591797e+00
5.765848159790039062e+00
5.841082096099853516e+00
5.920279026031494141e+00
6.001367092132568359e+00
6.082452774047851562e+00
6.163536071777343750e+00
6.250313758850097656e+00
6.337255477905273438e+00
6.424194335937500000e+00
6.511897563934326172e+00
6.601659774780273438e+00
6.691419124603271484e+00
6.781174182891845703e+00
6.870957851409912109e+00
6.960762977600097656e+00
7.050574302673339844e+00
7.140371322631835938e+00
7.230072021484375000e+00
7.319753646850585938e+00
7.409430980682373047e+00
7.499117374420166016e+00
7.588868141174316406e+00
7.678624629974365234e+00
7.768366813659667969e+00
7.858096599578857422e+00
7.947813510894775391e+00
8.037525177001953125e+00
8.127233505249023438e+00
8.216971397399902344e+00
8.306703567504882812e+00
8.396430969238281250e+00
8.486150741577148438e+00
8.575815200805664062e+00
8.665475845336914062e+00
8.755130767822265625e+00
8.844792366027832031e+00
8.934441566467285156e+00
9.024085998535156250e+00
9.113725662231445312e+00
9.203375816345214844e+00
9.293031692504882812e+00
9.382692337036132812e+00
9.472336769104003906e+00
9.562011718750000000e+00
9.651684761047363281e+00
9.741351127624511719e+00
9.831009864807128906e+00
9.920656204223632812e+00
1.001030731201171875e+01
1.009994125366210938e+01
1.018953895568847656e+01
1.027910137176513672e+01
1.036865806579589844e+01
1.045820808410644531e+01
1.054775524139404297e+01
1.063728523254394531e+01
1.072680854797363281e+01
1.081633186340332031e+01
1.090589523315429688e+01
1.099545192718505859e+01
1.108501148223876953e+01
1.117455482482910156e+01
1.126409053802490234e+01
1.135361862182617188e+01
1.144314098358154297e+01
1.153262710571289062e+01
1.162209606170654297e+01
1.171156787872314453e+01
1.180102157592773438e+01
1.189049720764160156e+01
1.197996520996093750e+01
1.206942653656005859e+01
1.215888595581054688e+01
1.224836540222167969e+01
1.233782672882080078e+01
1.242728042602539062e+01
1.251671504974365234e+01
1.260613346099853516e+01
1.269554519653320312e+01
1.278494834899902344e+01
1.287433719635009766e+01
1.296370601654052734e+01
1.305306720733642578e+01
1.314242935180664062e+01
1.323182106018066406e+01
1.332120513916015625e+01
1.341059112548828125e+01
1.349993610382080078e+01
1.358924961090087891e+01
1.367855453491210938e+01
1.376785087585449219e+01
1.385718631744384766e+01
1.394652557373046875e+01
1.403586769104003906e+01
1.412518501281738281e+01
1.421443653106689453e+01
1.430367851257324219e+01
1.439291191101074219e+01
1.448215389251708984e+01
1.457142543792724609e+01
1.466067695617675781e+01
1.474991989135742188e+01
1.483916187286376953e+01
1.492839908599853516e+01
1.501762676239013672e+01
1.510684490203857422e+01
1.519606590270996094e+01
1.528526687622070312e+01
1.537445831298828125e+01
1.546361351013183594e+01
1.555268764495849609e+01
1.564175128936767578e+01
1.573081493377685547e+01
1.581991863250732422e+01
1.590905952453613281e+01
1.599819087982177734e+01
1.608731079101562500e+01
1.617639923095703125e+01
1.626547241210937500e+01
1.635454368591308594e+01
1.644359588623046875e+01
1.653263473510742188e+01
1.662166213989257812e+01
1.671068000793457031e+01
1.679969024658203125e+01
1.688870811462402344e+01
1.697770500183105469e+01
1.706669044494628906e+01
1.715568351745605469e+01
1.724467468261718750e+01
1.733365249633789062e+01
1.742261695861816406e+01
1.751153755187988281e+01
1.760043525695800781e+01
1.768932151794433594e+01
1.777818489074707031e+01
1.786701583862304688e+01
1.795583343505859375e+01
1.804464912414550781e+01
1.813349914550781250e+01
1.822236824035644531e+01
1.831122589111328125e+01
1.840007019042968750e+01
1.848888397216796875e+01
1.857768440246582031e+01
1.866648292541503906e+01
1.875524139404296875e+01
1.884393310546875000e+01
1.893261146545410156e+01
1.902127647399902344e+01
1.910997200012207031e+01
1.919870376586914062e+01
1.928741455078125000e+01
1.937611007690429688e+01
1.946473884582519531e+01
1.955334281921386719e+01
1.964193344116210938e+01
1.973051452636718750e+01
1.981911849975585938e+01
1.990769767761230469e+01
1.999626350402832031e+01
2.008483123779296875e+01
2.017340660095214844e+01
2.026196670532226562e+01
2.035052299499511719e+01
2.043902969360351562e+01
2.052751350402832031e+01
2.061598014831542969e+01
2.070443344116210938e+01
2.079289054870605469e+01
2.088133430480957031e+01
2.096977233886718750e+01
2.105817794799804688e+01
2.114654541015625000e+01
2.123489761352539062e+01
2.132323646545410156e+01
2.141158103942871094e+01
2.149993324279785156e+01
2.158826255798339844e+01
2.167657470703125000e+01
2.176486968994140625e+01
2.185314941406250000e+01
2.194141197204589844e+01
2.202966499328613281e+01
2.211787033081054688e+01
2.220605850219726562e+01
2.229423141479492188e+01
2.238237953186035156e+01
2.247050285339355469e+01
2.255860900878906250e+01
2.264670753479003906e+01
2.273484611511230469e+01
2.282298660278320312e+01
2.291110992431640625e+01
2.299921607971191406e+01
2.308728027343750000e+01
2.317534065246582031e+01
2.326337051391601562e+01
2.335136222839355469e+01
2.343930053710937500e+01
2.352722167968750000e+01
2.361512374877929688e+01
2.370302009582519531e+01
2.379091453552246094e+01
2.387878036499023438e+01
2.396662902832031250e+01
2.405452537536621094e+01
2.414240455627441406e+01
2.423026466369628906e+01
2.431809425354003906e+01
2.440583038330078125e+01
2.449354934692382812e+01
2.458124923706054688e+01
2.466897392272949219e+01
2.475671386718750000e+01
2.484443473815917969e+01
2.493214607238769531e+01
2.501983070373535156e+01
2.510749626159667969e+01
2.519514274597167969e+01
2.528275680541992188e+01
2.537028884887695312e+01
2.545780944824218750e+01
2.554530143737792969e+01
2.563279342651367188e+01
2.572029495239257812e+01
2.580777359008789062e+01
2.589523315429687500e+01
2.598265647888183594e+01
2.607006263732910156e+01
2.615744018554687500e+01
2.624479675292968750e+01
2.633217430114746094e+01
2.641953086853027344e+01
2.650686645507812500e+01
2.659418106079101562e+01
2.668145179748535156e+01
2.676869964599609375e+01
2.685592460632324219e+01
2.694313621520996094e+01
2.703032875061035156e+01
2.711750030517578125e+01
2.720465850830078125e+01
2.729182243347167969e+01
2.737896537780761719e+01
2.746608543395996094e+01
2.755316162109375000e+01
2.764014434814453125e+01
2.772711372375488281e+01
2.781405067443847656e+01
2.790098762512207031e+01
2.798792457580566406e+01
2.807483673095703125e+01
2.816172599792480469e+01
2.824863815307617188e+01
2.833554458618164062e+01
2.842241859436035156e+01
2.850926589965820312e+01
2.859605979919433594e+01
2.868282890319824219e+01
2.876957321166992188e+01
2.885629653930664062e+01
2.894297409057617188e+01
2.902962684631347656e+01
2.911625289916992188e+01
2.920286941528320312e+01
2.928946495056152344e+01
2.937603569030761719e+01
2.946258926391601562e+01
2.954912185668945312e+01
2.963562774658203125e+01
2.972210693359375000e+01
2.980855941772460938e+01
2.989498329162597656e+01
2.998138809204101562e+01
3.006775856018066406e+01
3.015409278869628906e+01
3.024039459228515625e+01
3.032666969299316406e+01
3.041291809082031250e+01
3.049913406372070312e+01
3.058530998229980469e+01
3.067145919799804688e+01
3.075758743286132812e+01
3.084371566772460938e+01
3.092981529235839844e+01
3.101588821411132812e+01
3.110195541381835938e+01
3.118799781799316406e+01
3.127401161193847656e+01
3.135999870300292969e+01
3.144386672973632812e+01
3.152711868286132812e+01
3.161035346984863281e+01
3.169313430786132812e+01
3.177080154418945312e+01
3.184844589233398438e+01
3.192606544494628906e+01
3.200152587890625000e+01
3.207335281372070312e+01
3.214516448974609375e+01
3.221694946289062500e+01
3.228497695922851562e+01
3.235113143920898438e+01
3.241727066040039062e+01
3.248338699340820312e+01
3.254412841796875000e+01
3.260464859008789062e+01
3.266515350341796875e+01
3.272416687011718750e+01
3.277898406982421875e+01
3.283378982543945312e+01
3.288858032226562500e+01
3.294031143188476562e+01
3.298959350585937500e+01
3.303886413574218750e+01
3.308812332153320312e+01
3.313258743286132812e+01
3.317621612548828125e+01
3.321984100341796875e+01
3.326261520385742188e+01
3.330059814453125000e+01
3.333857345581054688e+01
3.337654113769531250e+01
3.341204071044921875e+01
3.344446945190429688e+01
3.347689819335937500e+01
3.350931930541992188e+01
3.353760910034179688e+01
3.356445693969726562e+01
3.359130096435546875e+01
3.361793136596679688e+01
3.363917922973632812e+01
3.366042327880859375e+01
3.368166351318359375e+01
3.370103073120117188e+01
3.371666336059570312e+01
3.373229598999023438e+01
3.374792861938476562e+01
3.376208114624023438e+01
3.377536773681640625e+01
3.378865051269531250e+01
3.380193710327148438e+01
3.381513214111328125e+01
3.382832336425781250e+01
3.384151458740234375e+01
3.385469436645507812e+01
3.386784362792968750e+01
3.388099288940429688e+01
3.389413833618164062e+01
3.390733337402343750e+01
3.392057418823242188e+01
3.393381500244140625e+01
3.394705581665039062e+01
3.396028900146484375e+01
3.397351455688476562e+01
3.398674392700195312e+01
3.399996566772460938e+01
3.401315307617187500e+01
3.402634048461914062e+01
3.403952789306640625e+01
3.405274963378906250e+01
3.406602478027343750e+01
3.407929611206054688e+01
3.409257125854492188e+01
3.410577392578125000e+01
3.411894989013671875e+01
3.413212203979492188e+01
3.414529418945312500e+01
3.415851974487304688e+01
3.417174148559570312e+01
3.418496322631835938e+01
3.419817352294921875e+01
3.421135330200195312e+01
3.422453689575195312e+01
3.423771667480468750e+01
3.425091934204101562e+01
3.426414108276367188e+01
3.427736282348632812e+01
3.429058074951171875e+01
3.430379486083984375e+01
3.431700515747070312e+01
3.433021545410156250e+01
3.434342956542968750e+01
3.435666275024414062e+01
3.436989593505859375e+01
3.438312530517578125e+01
3.439632797241210938e+01
3.440950012207031250e+01
3.442267227172851562e+01
3.443584442138671875e+01
3.444901657104492188e+01
3.446218872070312500e+01
3.447535705566406250e+01
3.448852920532226562e+01
3.450170516967773438e+01
3.451488113403320312e+01
3.452806091308593750e+01
3.454127883911132812e+01
3.455457305908203125e+01
3.456786727905273438e+01